C:\Users\Линар\PycharmProjects\.venv\Scripts\python.exe C:\Users\Линар\PycharmProjects\pythonProject1\hellow.py 
--- Начало работы --- 
--- Выбор варианта работы --- 
[0] - Если вы хотите использовать целенаправленное заполнение матрицы
[1] - Если вы хотите использовать случайное заполнение матрицы
[2] - Выход из программы
Введите номер варианта: 1
--- Случайное заполнение матрицы --- 
Введите число N: 10
Введите число K: 6
Матрица A:
      -6      -8       2      -5      -8      -2       8       3       3       3
       2       9       9       8       3       8       2       0      -6       9
       5       2       7       6       0       9       5       0       9      -6
      -4       2      -2       3       5      10       5      -8      -2     -10
      10      -8       1       1       4       4      -8       2       8      -4
       7       4      -8       5      -3       2      -7      -9      -8       5
      -3      -6     -10      -6       0      -5      10       6       1       0
       8      -1       6       5       7       8      -5       9      -1       2
      -4       6      -7      -5      -6       2       0       6       6      -2
      -9       1     -10      -5      -3       1       5     -10       6       0
матрица E
      -2       8       3       3       3
       8       2       0      -6       9
       9       5       0       9      -6
      10       5      -8      -2     -10
       4      -8       2       8      -4
Сумма чисел:  9
###########
0
Произведение чисел по периметру в области 2:  0
--------------------------------------------------
если в Е сумма чисел, больших К в нечетных столбцах в области 3 больше, чем произведение чисел по периметру в области 2

----- До -------
      -2       8       3       3       3
       8       2       0      -6       9
       9       5       0       9      -6
      10       5      -8      -2     -10
       4      -8       2       8      -4

IF!
----- После -------
      -2       8       3       3       3
       8       2       0      -6      -8
       9       5       0      -8       2
      10       5       9      -2       8
       4       9      -6     -10      -4

Матрица A:
      -6      -8       2      -5      -8      -2       8       3       3       3
       2       9       9       8       3       8       2       0      -6       9
       5       2       7       6       0       9       5       0       9      -6
      -4       2      -2       3       5      10       5      -8      -2     -10
      10      -8       1       1       4       4      -8       2       8      -4
       7       4      -8       5      -3       2      -7      -9      -8       5
      -3      -6     -10      -6       0      -5      10       6       1       0
       8      -1       6       5       7       8      -5       9      -1       2
      -4       6      -7      -5      -6       2       0       6       6      -2
      -9       1     -10      -5      -3       1       5     -10       6       0

Матрица F:
      -6      -8       2      -5      -8      -2       8       3       3       3
       2       9       9       8       3       8       2       0      -6      -8
       5       2       7       6       0       9       5       0      -8       2
      -4       2      -2       3       5      10       5       9      -2       8
      10      -8       1       1       4       4       9      -6     -10      -4
       7       4      -8       5      -3       2      -7      -9      -8       5
      -3      -6     -10      -6       0      -5      10       6       1       0
       8      -1       6       5       7       8      -5       9      -1       2
      -4       6      -7      -5      -6       2       0       6       6      -2
      -9       1     -10      -5      -3       1       5     -10       6       0


Матрица FT:
      -6       2       5      -4      10       7      -3       8      -4      -9
      -8       9       2       2      -8       4      -6      -1       6       1
       2       9       7      -2       1      -8     -10       6      -7     -10
      -5       8       6       3       1       5      -6       5      -5      -5
      -8       3       0       5       4      -3       0       7      -6      -3
      -2       8       9      10       4       2      -5       8       2       1
       8       2       5       5       9      -7      10      -5       0       5
       3       0       0       9      -6      -9       6       9       6     -10
       3      -6      -8      -2     -10      -8       1      -1       6       6
       3      -8       2       8      -4       5       0       2      -2       0

Матрица K * FT:
     -36      12      30     -24      60      42     -18      48     -24     -54
     -48      54      12      12     -48      24     -36      -6      36       6
      12      54      42     -12       6     -48     -60      36     -42     -60
     -30      48      36      18       6      30     -36      30     -30     -30
     -48      18       0      30      24     -18       0      42     -36     -18
     -12      48      54      60      24      12     -30      48      12       6
      48      12      30      30      54     -42      60     -30       0      30
      18       0       0      54     -36     -54      36      54      36     -60
      18     -36     -48     -12     -60     -48       6      -6      36      36
      18     -48      12      48     -24      30       0      12     -12       0

Матрица K_A:
     -36     -48      12     -30     -48     -12      48      18      18      18
      12      54      54      48      18      48      12       0     -36      54
      30      12      42      36       0      54      30       0      54     -36
     -24      12     -12      18      30      60      30     -48     -12     -60
      60     -48       6       6      24      24     -48      12      48     -24
      42      24     -48      30     -18      12     -42     -54     -48      30
     -18     -36     -60     -36       0     -30      60      36       6       0
      48      -6      36      30      42      48     -30      54      -6      12
     -24      36     -42     -30     -36      12       0      36      36     -12
     -54       6     -60     -30     -18       6      30     -60      36       0

Матрица K_A_F:
    -498     -24    -990    -708    -198    -762    -342     396     966     192
     252     408      18     936     288    1464     930    -756   -1260     336
     306     348    -360     306    -402     804     396     792    -684     528
     870      48    -414     468     174    -162     -48    -354   -1218      60
     222    -444       6    -258    -702     162    -168     222      60     576
   -1044      84     -78    -102    -402    -360      48    -930     294     198
    -246    -852    -894   -1026     162   -1212     -66     612    1014    -264
     954    -348     438     720     150    1326     234    -120   -1020     696
     102     876      -6     150      42    -114   -1128     426     480    -480
    -696     570   -1392    -780    -426   -1302    -474    -522     780    -660

Матрица K_A_F_plus_K_FT:
    -534     -12    -960    -732    -138    -720    -360     444     942     138
     204     462      30     948     240    1488     894    -762   -1224     342
     318     402    -318     294    -396     756     336     828    -726     468
     840      96    -378     486     180    -132     -84    -324   -1248      30
     174    -426       6    -228    -678     144    -168     264      24     558
   -1056     132     -24     -42    -378    -348      18    -882     306     204
    -198    -840    -864    -996     216   -1254      -6     582    1014    -234
     972    -348     438     774     114    1272     270     -66    -984     636
     120     840     -54     138     -18    -162   -1122     420     516    -444
    -678     522   -1380    -732    -450   -1272    -474    -510     768    -660

--- Конец работы --- 

Process finished with exit code 0
